    vars   n mean   sd median trimmed  mad min max range  skew kurtosis   se
Q1     1 200 1.54 0.92      1    1.33 0.00   1   5     4  1.70     1.95 0.07
Q2     2 200 3.23 1.00      3    3.28 1.48   1   5     4 -0.44    -0.21 0.07
Q3     3 200 3.39 1.12      3    3.44 1.48   1   5     4 -0.33    -0.63 0.08
Q4     4 200 1.55 0.98      1    1.33 0.00   1   5     4  1.88     2.93 0.07
Q5     5 200 1.57 0.91      1    1.38 0.00   1   5     4  1.80     3.10 0.06
Q6     6 200 1.28 0.78      1    1.07 0.00   1   5     4  3.18     9.91 0.05
Q7     7 200 3.44 1.07      4    3.49 1.48   1   5     4 -0.49    -0.31 0.08
Q8     8 200 3.26 1.06      3    3.27 1.48   1   5     4 -0.20    -0.54 0.07
Q9     9 200 3.30 1.03      3    3.31 1.48   1   5     4 -0.23    -0.50 0.07
Q10   10 200 1.25 0.64      1    1.09 0.00   1   5     4  3.05    10.20 0.05

	Pearson's product-moment correlation

data:  Q2 and Q8
t = 12.803, df = 198, p-value < 2.2e-16
alternative hypothesis: true correlation is not equal to 0
95 percent confidence interval:
 0.5892563 0.7424017
sample estimates:
      cor 
0.6729786 

      Q1    Q2    Q3    Q4    Q5    Q6    Q7    Q8    Q9   Q10
Q1  1.00  0.02  0.05  0.51  0.43  0.46  0.07  0.02  0.12  0.49
Q2  0.02  1.00  0.43 -0.05 -0.05  0.06  0.47  0.67  0.43  0.00
Q3  0.05  0.43  1.00  0.00 -0.05  0.02  0.44  0.50  0.46 -0.04
Q4  0.51 -0.05  0.00  1.00  0.35  0.64 -0.06 -0.03 -0.08  0.53
Q5  0.43 -0.05 -0.05  0.35  1.00  0.40 -0.01 -0.02 -0.01  0.40
Q6  0.46  0.06  0.02  0.64  0.40  1.00  0.01  0.09 -0.01  0.62
Q7  0.07  0.47  0.44 -0.06 -0.01  0.01  1.00  0.74  0.62  0.10
Q8  0.02  0.67  0.50 -0.03 -0.02  0.09  0.74  1.00  0.58  0.04
Q9  0.12  0.43  0.46 -0.08 -0.01 -0.01  0.62  0.58  1.00  0.06
Q10 0.49  0.00 -0.04  0.53  0.40  0.62  0.10  0.04  0.06  1.00
RStudioGD 
        2 
